7(95)683-18-51
173(6017)645-81-28
3(522)902-09-71
982(5313)789-69-25
5(78)674-97-47
378(639)735-52-14
77(84)215-71-31
245(02)002-35-76
214(1349)553-68-45
9(20)804-04-08
7(32)464-42-90
69(10)230-61-10
5(07)101-15-75
0(072)830-86-39
5(37)474-38-44
0(50)119-31-77
6(567)607-35-57
422(240)724-75-55
6(71)425-59-80
69(9141)444-68-12
+1 (234) 567-8901
+44 20 1234 5678
+61 2 9876 5432
+33 1 8765 4321
+49 30 987654321
+81 3 1234 5678
+86 10 1234 5678
+7 495 123-45-67
+39 02 1234 5678
+31 20 123 4567
+54 11 1234-5678
+55 11 1234-5678
+62 21 12345678
+91 11 1234 5678
+82 2 1234 5678
+351 21 123 4567
+34 91 123 45 67
+852 1234 5678
+972 2-123-4567
+7 812 123-45-67
+45 12 34 56 78
+46 8 123 45 67
+358 9 12345678
+36 1 234 5678
+55 21 1234-5678
+61 2 8765 4321
+44 20 9876 5432
+33 1 2345 6789
+49 30 876543210
+81 3 9876 5432
+86 10 9876 5432
+7 495 987-65-43
+39 02 9876 5432
+31 20 987 6543
+54 11 9876-5432
+55 11 9876-5432
+62 21 98765432
+91 11 9876 5432
+82 2 9876 5432
+351 21 987 6543
+34 91 987 65 43
+852 9876 5432
+972 2-987-6543
+7 812 987-65-43
+45 12 34 56 78
+46 8 987 65 43
+358 9 87654321
+36 1 876 5432
+55 21 9876-5432
+61 2 3456 7890
+44 20 3456 7890
+33 1 3456 7890
+49 30 34567890
+81 3 3456 7890
+86 10 3456 7890
+7 495 345-67-89
+39 02 3456 7890
+31 20 345 6789
+54 11 3456-7890
+55 11 3456-7890
+62 21 34567890
+91 11 3456 7890
+82 2 3456 7890
+351 21 345 6789
+34 91 345 67 89
+852 3456 7890
+972 2-345-6789
+7 812 345-67-89
+45 12 34 56
65(82)674-12-40
06(96)471-82-55
7(5326)598-34-06
099(2937)091-35-64
4(67)826-76-07
9(2845)720-82-22
970(76)452-12-91
107(919)927-84-90
8(2149)955-17-42
535(2789)074-57-57
20(7096)472-90-04
54(2369)449-19-77
7(874)393-58-46
82(5512)579-58-92
10(08)514-97-24
62(481)161-86-66
92(9268)201-27-46
0(7579)961-72-84
765(8255)677-31-35
2(70)799-96-17
0(752)781-24-89
934(67)607-69-63
4(101)274-18-76
65(098)673-74-96
2(6696)695-11-38
053(6252)256-74-39
153(21)179-20-80
4(706)355-91-33
21(847)652-34-54
55(9285)201-12-45
763(116)691-14-55
0(93)594-60-59
16(70)825-68-47
925(3896)465-17-00
2(5974)904-85-28
43(813)281-79-88
1(76)518-51-23
41(95)768-39-75
73(754)240-32-54
81(0295)726-01-45
192(4746)404-05-08
09(9457)289-64-78
07(7250)557-05-57
45(913)416-05-48
468(84)507-21-38
834(367)087-04-19
65(84)196-92-82
6(41)773-87-26
687(42)369-56-64
460(74)329-61-78
556(50)841-89-85
70(71)142-34-95
8(63)899-38-44
422(9297)888-12-30
490(39)292-13-78
007(36)756-66-89
647(5065)584-95-27
34(6144)104-00-26
93(00)363-76-90
63(3008)795-29-54
03(1307)615-21-56
950(6833)867-40-35
26(3459)026-68-35
44(38)170-81-01
443(77)739-99-58
03(5314)317-13-83
3(3651)343-34-82
956(889)113-34-16
54(1095)497-98-97
443(239)437-85-43
9(10)656-62-54
3(77)198-04-33
2(6586)969-61-62
17(5952)624-66-70
985(713)834-09-74
4(64)803-04-07
0(291)731-41-48
3(640)145-94-90
981(43)616-92-11
930(955)694-64-37